440440440440439439438437434430427427428427428427426424421419415411407403401
 399397393392391389387386383381379379379379377377377377377378378379379380380
 381383384387390392393393395396399400401402403405406406406408410413418422426
 431438444452455457462467471473475480489504513525533535534533531526515505494
 485478472466464462460452447444444444445448450453457456457456454454453453451
 450449448451455455453449444438432425420416410407404402402401401402402400399
 399401406412419425430437442447450453455451443437429417408400390384380376373
 373375380386389390390391394396401403406406404400398398401403406408410414419
 427437446457464463459453448447447448448448448447445441438437434432429425424
 420418420421422420417416415416415415414414413413411411410411411412412412414
 414414417421425428431437440444448454457462466473483493497501503501498495495
 493494492484472463452443435431428423419418414410408410411413413412409407407
 410412412414414415415414411409408408408407405405405405404404407407409410411
 412411412412412413412413413414416417419420418418417417419420421423423423421
 420420421425429432434437440444